Precision: 0.19498910675381265
Recall: 0.13368185212845407