Precision: 0.1928406466512702
Recall: 0.24943988050784166