Precision: 0.17655713585090732
Recall: 0.537714712471994