Precision: 0.12722143864598026
Recall: 0.6736370425690814