Precision: 0.1737534414193943
Recall: 0.42419716206123975